2.970088000000000000e+06
2.970100000000000000e+06
2.970824000000000000e+06
2.970900000000000000e+06
2.971352000000000000e+06
2.971484000000000000e+06
2.971648000000000000e+06
2.973116000000000000e+06
2.974240000000000000e+06
2.974344000000000000e+06
2.975856000000000000e+06
2.978644000000000000e+06
2.978972000000000000e+06
2.979836000000000000e+06
2.980296000000000000e+06
2.981056000000000000e+06
2.981668000000000000e+06
2.982860000000000000e+06
2.982888000000000000e+06
2.982996000000000000e+06
2.987424000000000000e+06
2.987608000000000000e+06
2.988096000000000000e+06
2.988580000000000000e+06
2.990652000000000000e+06
2.990740000000000000e+06
2.990920000000000000e+06
2.991068000000000000e+06
2.991404000000000000e+06
2.991460000000000000e+06
2.992232000000000000e+06
2.992244000000000000e+06
2.994108000000000000e+06
2.994844000000000000e+06
2.994976000000000000e+06
2.995416000000000000e+06
2.996512000000000000e+06
2.997832000000000000e+06
2.997872000000000000e+06
1.600000000000000000e+01
1.480000000000000000e+02
4.720000000000000000e+02
6.920000000000000000e+02
8.040000000000000000e+02
1.588000000000000000e+03
1.820000000000000000e+03
3.148000000000000000e+03
3.536000000000000000e+03
4.000000000000000000e+03
6.560000000000000000e+03
6.736000000000000000e+03
8.316000000000000000e+03
8.432000000000000000e+03
1.085200000000000000e+04
1.181200000000000000e+04
1.200800000000000000e+04
1.219600000000000000e+04
1.229200000000000000e+04
1.276000000000000000e+04
1.418000000000000000e+04
1.496000000000000000e+04
1.507200000000000000e+04
1.515200000000000000e+04
1.656000000000000000e+04
1.740800000000000000e+04
1.742000000000000000e+04
1.800400000000000000e+04
1.809200000000000000e+04
1.934800000000000000e+04
1.962800000000000000e+04
2.074000000000000000e+04
2.206800000000000000e+04
2.225600000000000000e+04
2.301200000000000000e+04
2.464400000000000000e+04
2.534000000000000000e+04
2.612400000000000000e+04
2.991600000000000000e+04
3.047200000000000000e+04
3.051600000000000000e+04
3.082400000000000000e+04
3.106000000000000000e+04
3.144400000000000000e+04
3.240800000000000000e+04
3.246400000000000000e+04
3.249200000000000000e+04
3.264000000000000000e+04
3.292400000000000000e+04
3.381600000000000000e+04
3.397600000000000000e+04
3.401200000000000000e+04
3.719200000000000000e+04
3.835600000000000000e+04
3.952000000000000000e+04
3.982800000000000000e+04
4.123600000000000000e+04
4.295600000000000000e+04
4.595200000000000000e+04
4.902400000000000000e+04
4.961600000000000000e+04
5.046000000000000000e+04
5.166000000000000000e+04
5.171200000000000000e+04
5.216000000000000000e+04
5.274400000000000000e+04
5.283200000000000000e+04
5.358800000000000000e+04
5.368400000000000000e+04
5.448400000000000000e+04
5.450400000000000000e+04
5.995200000000000000e+04
6.039600000000000000e+04
6.276400000000000000e+04
6.321200000000000000e+04
6.374400000000000000e+04
6.396400000000000000e+04
6.421600000000000000e+04
6.437200000000000000e+04
6.438000000000000000e+04
6.481200000000000000e+04
6.489200000000000000e+04
6.638400000000000000e+04
6.694800000000000000e+04
6.772400000000000000e+04
6.829200000000000000e+04
6.842400000000000000e+04
6.944400000000000000e+04
6.999600000000000000e+04
7.122000000000000000e+04
7.153200000000000000e+04
7.233200000000000000e+04
7.266800000000000000e+04
7.328000000000000000e+04
7.381600000000000000e+04
7.553200000000000000e+04
7.627600000000000000e+04
7.684000000000000000e+04
7.693200000000000000e+04
7.774800000000000000e+04
7.785200000000000000e+04
7.825600000000000000e+04
8.053200000000000000e+04
8.072800000000000000e+04
8.110800000000000000e+04
8.167600000000000000e+04
8.210000000000000000e+04
8.334800000000000000e+04
8.378800000000000000e+04
8.464800000000000000e+04
8.680800000000000000e+04
8.827600000000000000e+04
8.910000000000000000e+04
8.923200000000000000e+04
9.116000000000000000e+04
9.154400000000000000e+04
9.224800000000000000e+04
9.369200000000000000e+04
9.396400000000000000e+04
9.416400000000000000e+04
9.518000000000000000e+04
9.572000000000000000e+04
9.747200000000000000e+04
9.848000000000000000e+04
9.885600000000000000e+04
9.928800000000000000e+04
1.000240000000000000e+05
1.005280000000000000e+05
1.012680000000000000e+05
1.013720000000000000e+05
1.025040000000000000e+05
1.048600000000000000e+05
1.070480000000000000e+05
1.071000000000000000e+05
1.083160000000000000e+05
1.090880000000000000e+05
1.095760000000000000e+05
1.100040000000000000e+05
1.101680000000000000e+05
1.104080000000000000e+05
1.104720000000000000e+05
1.131800000000000000e+05
1.138680000000000000e+05
1.145240000000000000e+05
1.148640000000000000e+05
1.176040000000000000e+05
1.191880000000000000e+05
1.195960000000000000e+05
1.198080000000000000e+05
1.203960000000000000e+05
1.207520000000000000e+05
1.208920000000000000e+05
1.213360000000000000e+05
1.219280000000000000e+05
1.222360000000000000e+05
1.225400000000000000e+05
1.230280000000000000e+05
1.232480000000000000e+05
1.232560000000000000e+05
1.237040000000000000e+05
1.243760000000000000e+05
1.249920000000000000e+05
1.250280000000000000e+05
1.252600000000000000e+05
1.255520000000000000e+05
1.268360000000000000e+05
1.272080000000000000e+05
1.288720000000000000e+05
1.295640000000000000e+05
1.304000000000000000e+05
1.304800000000000000e+05
1.315120000000000000e+05
1.320840000000000000e+05
1.330200000000000000e+05
1.332240000000000000e+05
1.336920000000000000e+05
1.352600000000000000e+05
1.374720000000000000e+05
1.382840000000000000e+05
1.395760000000000000e+05
1.401640000000000000e+05
1.417120000000000000e+05
1.419440000000000000e+05
1.434680000000000000e+05
1.449160000000000000e+05
1.450000000000000000e+05
1.455040000000000000e+05
1.462040000000000000e+05
1.471280000000000000e+05
1.492120000000000000e+05
1.511880000000000000e+05
1.522960000000000000e+05
1.536280000000000000e+05
1.538280000000000000e+05
1.546880000000000000e+05
1.547800000000000000e+05
1.563120000000000000e+05
1.579600000000000000e+05
1.579800000000000000e+05
1.581960000000000000e+05
1.587720000000000000e+05
1.589520000000000000e+05
1.591560000000000000e+05
1.601680000000000000e+05
1.603280000000000000e+05
1.613880000000000000e+05
1.616480000000000000e+05
1.617320000000000000e+05
1.631040000000000000e+05
1.635120000000000000e+05
1.635800000000000000e+05
1.636320000000000000e+05
1.651200000000000000e+05
1.656080000000000000e+05
1.656680000000000000e+05
1.657400000000000000e+05
1.677080000000000000e+05
1.682000000000000000e+05
1.683880000000000000e+05
1.687240000000000000e+05
1.690800000000000000e+05
1.701960000000000000e+05
1.704200000000000000e+05
1.710400000000000000e+05
1.731120000000000000e+05
1.741600000000000000e+05
1.741800000000000000e+05
1.742400000000000000e+05
1.744360000000000000e+05
1.744480000000000000e+05
1.754720000000000000e+05
1.761600000000000000e+05
1.765880000000000000e+05
1.773560000000000000e+05
1.787560000000000000e+05
1.794040000000000000e+05
1.796560000000000000e+05
1.811880000000000000e+05
1.813800000000000000e+05
1.827480000000000000e+05
1.830200000000000000e+05
1.834080000000000000e+05
1.836760000000000000e+05
1.839560000000000000e+05
1.839760000000000000e+05
1.842520000000000000e+05
1.848200000000000000e+05
1.852920000000000000e+05
1.871920000000000000e+05
1.886040000000000000e+05
1.890800000000000000e+05
1.901320000000000000e+05
1.918120000000000000e+05
1.921440000000000000e+05
1.927720000000000000e+05
1.928320000000000000e+05
1.934240000000000000e+05
1.959480000000000000e+05
1.961960000000000000e+05
1.972720000000000000e+05
1.976400000000000000e+05
1.977440000000000000e+05
1.978640000000000000e+05
1.985160000000000000e+05
1.992400000000000000e+05
2.006040000000000000e+05
2.018040000000000000e+05
2.019160000000000000e+05
2.021200000000000000e+05
2.025720000000000000e+05
2.028480000000000000e+05
2.039120000000000000e+05
2.067840000000000000e+05
2.068400000000000000e+05
2.077600000000000000e+05
2.088640000000000000e+05
2.094720000000000000e+05
2.106080000000000000e+05
2.113360000000000000e+05
2.126960000000000000e+05
2.127000000000000000e+05
2.127200000000000000e+05
2.129760000000000000e+05
2.130120000000000000e+05
2.130400000000000000e+05
2.149080000000000000e+05
2.149960000000000000e+05
2.151640000000000000e+05
2.152400000000000000e+05
2.152760000000000000e+05
2.153240000000000000e+05
2.161920000000000000e+05
2.165560000000000000e+05
2.165640000000000000e+05
2.168360000000000000e+05
2.196160000000000000e+05
2.197480000000000000e+05
2.204320000000000000e+05
2.215400000000000000e+05
2.219320000000000000e+05
2.222960000000000000e+05
2.223400000000000000e+05
2.224240000000000000e+05
2.227400000000000000e+05
2.234160000000000000e+05
2.237200000000000000e+05
2.243600000000000000e+05
2.272920000000000000e+05
2.277680000000000000e+05
2.279920000000000000e+05
2.286160000000000000e+05
2.287640000000000000e+05
2.289640000000000000e+05
2.300480000000000000e+05
2.319720000000000000e+05
2.326240000000000000e+05
2.326440000000000000e+05
2.343000000000000000e+05
2.355760000000000000e+05
2.360920000000000000e+05
2.363960000000000000e+05
2.375680000000000000e+05
2.379080000000000000e+05
2.384600000000000000e+05
2.384680000000000000e+05
2.393040000000000000e+05
2.400720000000000000e+05
2.402440000000000000e+05
2.413520000000000000e+05
2.413720000000000000e+05
2.445240000000000000e+05
2.452760000000000000e+05
2.458120000000000000e+05
2.464480000000000000e+05
2.483440000000000000e+05
2.487840000000000000e+05
2.488120000000000000e+05
2.510320000000000000e+05
2.511120000000000000e+05
2.535200000000000000e+05
2.543800000000000000e+05
2.549720000000000000e+05
2.555680000000000000e+05
2.556680000000000000e+05
2.558280000000000000e+05
2.575400000000000000e+05
2.598720000000000000e+05
2.602040000000000000e+05
2.602200000000000000e+05
2.620360000000000000e+05
2.621160000000000000e+05
2.628200000000000000e+05
2.659160000000000000e+05
2.670360000000000000e+05
2.671720000000000000e+05
2.685040000000000000e+05
2.972661000000000000e+06
2.973293000000000000e+06
2.974053000000000000e+06
2.974969000000000000e+06
2.975297000000000000e+06
2.976297000000000000e+06
2.976665000000000000e+06
2.977177000000000000e+06
2.978161000000000000e+06
2.979669000000000000e+06
2.980649000000000000e+06
2.981001000000000000e+06
2.981245000000000000e+06
2.981353000000000000e+06
2.981425000000000000e+06
2.981869000000000000e+06
2.982621000000000000e+06
2.984561000000000000e+06
2.986197000000000000e+06
2.986297000000000000e+06
2.986665000000000000e+06
2.986705000000000000e+06
2.987021000000000000e+06
2.988225000000000000e+06
2.988297000000000000e+06
2.989829000000000000e+06
2.991065000000000000e+06
2.992281000000000000e+06
2.993521000000000000e+06
2.994145000000000000e+06
2.996217000000000000e+06
2.997893000000000000e+06
2.998653000000000000e+06
2.998825000000000000e+06
2.900000000000000000e+01
5.290000000000000000e+02
2.433000000000000000e+03
3.153000000000000000e+03
5.665000000000000000e+03
6.693000000000000000e+03
7.269000000000000000e+03
9.797000000000000000e+03
1.098100000000000000e+04
1.149300000000000000e+04
1.198900000000000000e+04
1.371700000000000000e+04
1.420500000000000000e+04
1.485300000000000000e+04
1.569700000000000000e+04
1.597300000000000000e+04
1.626100000000000000e+04
1.777700000000000000e+04
1.828100000000000000e+04
1.955700000000000000e+04
1.988100000000000000e+04
2.021300000000000000e+04
2.038100000000000000e+04
2.096100000000000000e+04
2.204900000000000000e+04
2.205300000000000000e+04
2.261700000000000000e+04
2.554900000000000000e+04
2.605300000000000000e+04
2.711300000000000000e+04
2.734900000000000000e+04
2.773300000000000000e+04
2.886100000000000000e+04
2.888900000000000000e+04
2.891700000000000000e+04
3.274100000000000000e+04
3.312900000000000000e+04
3.386900000000000000e+04
3.573300000000000000e+04
3.624100000000000000e+04
3.685300000000000000e+04
3.802900000000000000e+04
3.951300000000000000e+04
4.022900000000000000e+04
4.032500000000000000e+04
4.070500000000000000e+04
4.089700000000000000e+04
4.205700000000000000e+04
4.296500000000000000e+04
4.310900000000000000e+04
4.354500000000000000e+04
4.466100000000000000e+04
4.484100000000000000e+04
4.514100000000000000e+04
4.538500000000000000e+04
4.643300000000000000e+04
4.644900000000000000e+04
4.647700000000000000e+04
5.157700000000000000e+04
5.193300000000000000e+04
5.317300000000000000e+04
5.353700000000000000e+04
5.466500000000000000e+04
5.536500000000000000e+04
5.546500000000000000e+04
5.697300000000000000e+04
5.751300000000000000e+04
5.841700000000000000e+04
5.844500000000000000e+04
5.989700000000000000e+04
6.100500000000000000e+04
6.180900000000000000e+04
6.186100000000000000e+04
6.228100000000000000e+04
6.252900000000000000e+04
6.334500000000000000e+04
6.426900000000000000e+04
6.429300000000000000e+04
6.504100000000000000e+04
6.681700000000000000e+04
6.741700000000000000e+04
6.956100000000000000e+04
7.034900000000000000e+04
7.163300000000000000e+04
7.164900000000000000e+04
7.218900000000000000e+04
7.270900000000000000e+04
7.281700000000000000e+04
7.346900000000000000e+04
7.426100000000000000e+04
7.459700000000000000e+04
7.621300000000000000e+04
7.636500000000000000e+04
7.648500000000000000e+04
7.798900000000000000e+04
7.940100000000000000e+04
8.019300000000000000e+04
8.034100000000000000e+04
8.107300000000000000e+04
8.151700000000000000e+04
8.210500000000000000e+04
8.348100000000000000e+04
8.403300000000000000e+04
8.483300000000000000e+04
8.532100000000000000e+04
8.537300000000000000e+04
8.557700000000000000e+04
8.612100000000000000e+04
8.627700000000000000e+04
8.631300000000000000e+04
8.660500000000000000e+04
8.805300000000000000e+04
8.806900000000000000e+04
8.808900000000000000e+04
8.832900000000000000e+04
8.834100000000000000e+04
8.985300000000000000e+04
8.986900000000000000e+04
9.053700000000000000e+04
9.054900000000000000e+04
9.055700000000000000e+04
9.127300000000000000e+04
9.248500000000000000e+04
9.268900000000000000e+04
9.347700000000000000e+04
9.383700000000000000e+04
9.491300000000000000e+04
9.546100000000000000e+04
9.548100000000000000e+04
9.620900000000000000e+04
9.658500000000000000e+04
9.669300000000000000e+04
9.709300000000000000e+04
9.736500000000000000e+04
9.892900000000000000e+04
9.967700000000000000e+04
1.005010000000000000e+05
1.013890000000000000e+05
1.017930000000000000e+05
1.018850000000000000e+05
1.020450000000000000e+05
1.020810000000000000e+05
1.035730000000000000e+05
1.039650000000000000e+05
1.047970000000000000e+05
1.049570000000000000e+05
1.065610000000000000e+05
1.071050000000000000e+05
1.071170000000000000e+05
1.073570000000000000e+05
1.079610000000000000e+05
1.085810000000000000e+05
1.097810000000000000e+05
1.098690000000000000e+05
1.108610000000000000e+05
1.110370000000000000e+05
1.117330000000000000e+05
1.143810000000000000e+05
1.160450000000000000e+05
1.162770000000000000e+05
1.170570000000000000e+05
1.170610000000000000e+05
1.179890000000000000e+05
1.185530000000000000e+05
1.199170000000000000e+05
1.205570000000000000e+05
1.206130000000000000e+05
1.210170000000000000e+05
1.211730000000000000e+05
1.224130000000000000e+05
1.225290000000000000e+05
1.228810000000000000e+05
1.234370000000000000e+05
1.236210000000000000e+05
1.250810000000000000e+05
1.257450000000000000e+05
1.261970000000000000e+05
1.265850000000000000e+05
1.268330000000000000e+05
1.274970000000000000e+05
1.281330000000000000e+05
1.290650000000000000e+05
1.294250000000000000e+05
1.295970000000000000e+05
1.297370000000000000e+05
1.299530000000000000e+05
1.304050000000000000e+05
1.305530000000000000e+05
1.314050000000000000e+05
1.320610000000000000e+05
1.321290000000000000e+05
1.324050000000000000e+05
1.328970000000000000e+05
1.332450000000000000e+05
1.343170000000000000e+05
1.358490000000000000e+05
1.370770000000000000e+05
1.397090000000000000e+05
1.407730000000000000e+05
1.414810000000000000e+05
1.420330000000000000e+05
1.440130000000000000e+05
1.445850000000000000e+05
1.451210000000000000e+05
1.451730000000000000e+05
1.468050000000000000e+05
1.468650000000000000e+05
1.470170000000000000e+05
1.485170000000000000e+05
1.495130000000000000e+05
1.500650000000000000e+05
1.506170000000000000e+05
1.511130000000000000e+05
1.515210000000000000e+05
1.518250000000000000e+05
1.520610000000000000e+05
1.529810000000000000e+05
1.531450000000000000e+05
1.533170000000000000e+05
1.533730000000000000e+05
1.548010000000000000e+05
1.550450000000000000e+05
1.567810000000000000e+05
1.571370000000000000e+05
1.575090000000000000e+05
1.578450000000000000e+05
1.578610000000000000e+05
1.581770000000000000e+05
1.584810000000000000e+05
1.593250000000000000e+05
1.593370000000000000e+05
1.596490000000000000e+05
1.602130000000000000e+05
1.605890000000000000e+05
1.609850000000000000e+05
1.615970000000000000e+05
1.616050000000000000e+05
1.617290000000000000e+05
1.623170000000000000e+05
1.634250000000000000e+05
1.650570000000000000e+05
1.653890000000000000e+05
1.668210000000000000e+05
1.688490000000000000e+05
1.689770000000000000e+05
1.693410000000000000e+05
1.694170000000000000e+05
1.699330000000000000e+05
1.719330000000000000e+05
1.731490000000000000e+05
1.745290000000000000e+05
1.767730000000000000e+05
1.791610000000000000e+05
1.799210000000000000e+05
1.799570000000000000e+05
1.834690000000000000e+05
1.842770000000000000e+05
1.847850000000000000e+05
1.858050000000000000e+05
1.865930000000000000e+05
1.867770000000000000e+05
1.873290000000000000e+05
1.880610000000000000e+05
1.882010000000000000e+05
1.882970000000000000e+05
1.891970000000000000e+05
1.905690000000000000e+05
1.911890000000000000e+05
1.923930000000000000e+05
1.930530000000000000e+05
1.941010000000000000e+05
1.943450000000000000e+05
1.946090000000000000e+05
1.956970000000000000e+05
1.968210000000000000e+05
1.970090000000000000e+05
1.976890000000000000e+05
1.982850000000000000e+05
1.991970000000000000e+05
1.997450000000000000e+05
2.003330000000000000e+05
2.007970000000000000e+05
2.026770000000000000e+05
2.030170000000000000e+05
2.035290000000000000e+05
2.038290000000000000e+05
2.039490000000000000e+05
2.051970000000000000e+05
2.055850000000000000e+05
2.058610000000000000e+05
2.063290000000000000e+05
2.065850000000000000e+05
2.068370000000000000e+05
2.082490000000000000e+05
2.083130000000000000e+05
2.085450000000000000e+05
2.087890000000000000e+05
2.101090000000000000e+05
2.106370000000000000e+05
2.137010000000000000e+05
2.137050000000000000e+05
2.142610000000000000e+05
2.147490000000000000e+05
2.148250000000000000e+05
2.149050000000000000e+05
2.150010000000000000e+05
2.151130000000000000e+05
2.172450000000000000e+05
2.174770000000000000e+05
2.183490000000000000e+05
2.210890000000000000e+05
2.212770000000000000e+05
2.217770000000000000e+05
2.228170000000000000e+05
2.244730000000000000e+05
2.260050000000000000e+05
2.261250000000000000e+05
2.315810000000000000e+05
2.324890000000000000e+05
2.331370000000000000e+05
2.337890000000000000e+05
2.343090000000000000e+05
2.360250000000000000e+05
2.377210000000000000e+05
2.378770000000000000e+05
2.379250000000000000e+05
2.390250000000000000e+05
2.390410000000000000e+05
2.393210000000000000e+05
2.399730000000000000e+05
2.400970000000000000e+05
2.416130000000000000e+05
2.416770000000000000e+05
2.437010000000000000e+05
2.438330000000000000e+05
2.440690000000000000e+05
2.440810000000000000e+05
2.456330000000000000e+05
2.461450000000000000e+05
2.478850000000000000e+05
2.480850000000000000e+05
2.486290000000000000e+05
2.500090000000000000e+05
2.505650000000000000e+05
2.510210000000000000e+05
2.522490000000000000e+05
2.528970000000000000e+05
2.537530000000000000e+05
2.538650000000000000e+05
2.541730000000000000e+05
2.553610000000000000e+05
2.560730000000000000e+05
2.562250000000000000e+05
2.594290000000000000e+05
2.612770000000000000e+05
2.620610000000000000e+05
2.628530000000000000e+05
2.646010000000000000e+05
2.651930000000000000e+05
2.664970000000000000e+05
2.666250000000000000e+05
2.669130000000000000e+05
2.673610000000000000e+05
2.970046000000000000e+06
2.970106000000000000e+06
2.970206000000000000e+06
2.970474000000000000e+06
2.970590000000000000e+06
2.971010000000000000e+06
2.971142000000000000e+06
2.971430000000000000e+06
2.972810000000000000e+06
2.972854000000000000e+06
2.973034000000000000e+06
2.973070000000000000e+06
2.973466000000000000e+06
2.973582000000000000e+06
2.974202000000000000e+06
2.974210000000000000e+06
2.974374000000000000e+06
2.975294000000000000e+06
2.977766000000000000e+06
2.978030000000000000e+06
2.978202000000000000e+06
2.978530000000000000e+06
2.979718000000000000e+06
2.980154000000000000e+06
2.981982000000000000e+06
2.983358000000000000e+06
2.984154000000000000e+06
2.984662000000000000e+06
2.985078000000000000e+06
2.987162000000000000e+06
2.987306000000000000e+06
2.987938000000000000e+06
2.988642000000000000e+06
2.988938000000000000e+06
2.989950000000000000e+06
2.990070000000000000e+06
2.990366000000000000e+06
2.992634000000000000e+06
2.992718000000000000e+06
2.993418000000000000e+06
2.994654000000000000e+06
2.997310000000000000e+06
2.998714000000000000e+06
1.706000000000000000e+03
2.338000000000000000e+03
2.418000000000000000e+03
2.530000000000000000e+03
2.630000000000000000e+03
4.042000000000000000e+03
5.062000000000000000e+03
5.722000000000000000e+03
7.606000000000000000e+03
8.090000000000000000e+03
9.318000000000000000e+03
1.019800000000000000e+04
1.079800000000000000e+04
1.187000000000000000e+04
1.313800000000000000e+04
1.365000000000000000e+04
1.379400000000000000e+04
1.384600000000000000e+04
1.490200000000000000e+04
1.512200000000000000e+04
1.567800000000000000e+04
1.666600000000000000e+04
1.793400000000000000e+04
1.813400000000000000e+04
1.867400000000000000e+04
1.970200000000000000e+04
2.012200000000000000e+04
2.125400000000000000e+04
2.162600000000000000e+04
2.213000000000000000e+04
2.348600000000000000e+04
2.408600000000000000e+04
2.477800000000000000e+04
2.608200000000000000e+04
2.739800000000000000e+04
2.848600000000000000e+04
2.920200000000000000e+04
2.966600000000000000e+04
3.090600000000000000e+04
3.099400000000000000e+04
3.165000000000000000e+04
3.210200000000000000e+04
3.257400000000000000e+04
3.337000000000000000e+04
3.407400000000000000e+04
3.502600000000000000e+04
3.573400000000000000e+04
3.603000000000000000e+04
3.627000000000000000e+04
3.687800000000000000e+04
3.882200000000000000e+04
4.099800000000000000e+04
4.188200000000000000e+04
4.213000000000000000e+04
4.249800000000000000e+04
4.382200000000000000e+04
4.383800000000000000e+04
4.588200000000000000e+04
4.786600000000000000e+04
4.967000000000000000e+04
4.973400000000000000e+04
5.104200000000000000e+04
5.195400000000000000e+04
5.221400000000000000e+04
5.242600000000000000e+04
5.284200000000000000e+04
5.578200000000000000e+04
5.617000000000000000e+04
5.705000000000000000e+04
5.828200000000000000e+04
5.846200000000000000e+04
5.940200000000000000e+04
6.040600000000000000e+04
6.107400000000000000e+04
6.206200000000000000e+04
6.211400000000000000e+04
6.281800000000000000e+04
6.377800000000000000e+04
6.536600000000000000e+04
6.571800000000000000e+04
6.626200000000000000e+04
6.632600000000000000e+04
6.691800000000000000e+04
6.993800000000000000e+04
7.267400000000000000e+04
7.280600000000000000e+04
7.402200000000000000e+04
7.499800000000000000e+04
7.538600000000000000e+04
7.636600000000000000e+04
7.729000000000000000e+04
7.745000000000000000e+04
7.807400000000000000e+04
7.829400000000000000e+04
8.111400000000000000e+04
8.204600000000000000e+04
8.389000000000000000e+04
8.427400000000000000e+04
8.509400000000000000e+04
8.536600000000000000e+04
8.575000000000000000e+04
8.607400000000000000e+04
8.617800000000000000e+04
8.683800000000000000e+04
8.771800000000000000e+04
8.773800000000000000e+04
8.783800000000000000e+04
8.833800000000000000e+04
8.898600000000000000e+04
9.043800000000000000e+04
9.083400000000000000e+04
9.180200000000000000e+04
9.286600000000000000e+04
9.327800000000000000e+04
9.427000000000000000e+04
9.440600000000000000e+04
9.448600000000000000e+04
9.465400000000000000e+04
9.527000000000000000e+04
9.532200000000000000e+04
9.664600000000000000e+04
9.861000000000000000e+04
9.869800000000000000e+04
9.914600000000000000e+04
9.985400000000000000e+04
9.993400000000000000e+04
1.016900000000000000e+05
1.037820000000000000e+05
1.042380000000000000e+05
1.052700000000000000e+05
1.056420000000000000e+05
1.058140000000000000e+05
1.066940000000000000e+05
1.072620000000000000e+05
1.073260000000000000e+05
1.086980000000000000e+05
1.089980000000000000e+05
1.123540000000000000e+05
1.126500000000000000e+05
1.126580000000000000e+05
1.127300000000000000e+05
1.127460000000000000e+05
1.164100000000000000e+05
1.170940000000000000e+05
1.171260000000000000e+05
1.174940000000000000e+05
1.175860000000000000e+05
1.179020000000000000e+05
1.180460000000000000e+05
1.184260000000000000e+05
1.207100000000000000e+05
1.209260000000000000e+05
1.210580000000000000e+05
1.246980000000000000e+05
1.251020000000000000e+05
1.273420000000000000e+05
1.279020000000000000e+05
1.313900000000000000e+05
1.319900000000000000e+05
1.341260000000000000e+05
1.351020000000000000e+05
1.353260000000000000e+05
1.353540000000000000e+05
1.358340000000000000e+05
1.362660000000000000e+05
1.369300000000000000e+05
1.391940000000000000e+05
1.395860000000000000e+05
1.415540000000000000e+05
1.425300000000000000e+05
1.426620000000000000e+05
1.444140000000000000e+05
1.446100000000000000e+05
1.451060000000000000e+05
1.457980000000000000e+05
1.460620000000000000e+05
1.462580000000000000e+05
1.477340000000000000e+05
1.486580000000000000e+05
1.491580000000000000e+05
1.497740000000000000e+05
1.509300000000000000e+05
1.511700000000000000e+05
1.515980000000000000e+05
1.527500000000000000e+05
1.529060000000000000e+05
1.538300000000000000e+05
1.557300000000000000e+05
1.560620000000000000e+05
1.563020000000000000e+05
1.567340000000000000e+05
1.578060000000000000e+05
1.588300000000000000e+05
1.592660000000000000e+05
1.596300000000000000e+05
1.605140000000000000e+05
1.607740000000000000e+05
1.609020000000000000e+05
1.609180000000000000e+05
1.612340000000000000e+05
1.613620000000000000e+05
1.616740000000000000e+05
1.623580000000000000e+05
1.630660000000000000e+05
1.633540000000000000e+05
1.636180000000000000e+05
1.636900000000000000e+05
1.643620000000000000e+05
1.656340000000000000e+05
1.660180000000000000e+05
1.662220000000000000e+05
1.664020000000000000e+05
1.677140000000000000e+05
1.685580000000000000e+05
1.687540000000000000e+05
1.696500000000000000e+05
1.701260000000000000e+05
1.728020000000000000e+05
1.730060000000000000e+05
1.743380000000000000e+05
1.754980000000000000e+05
1.755220000000000000e+05
1.758700000000000000e+05
1.764180000000000000e+05
1.771300000000000000e+05
1.778060000000000000e+05
1.809900000000000000e+05
1.815340000000000000e+05
1.825980000000000000e+05
1.830140000000000000e+05
1.835580000000000000e+05
1.838780000000000000e+05
1.851220000000000000e+05
1.871220000000000000e+05
1.876140000000000000e+05
1.886180000000000000e+05
1.909220000000000000e+05
1.912420000000000000e+05
1.914220000000000000e+05
1.919340000000000000e+05
1.919780000000000000e+05
1.922700000000000000e+05
1.932100000000000000e+05
1.936500000000000000e+05
1.939380000000000000e+05
1.981500000000000000e+05
1.989340000000000000e+05
1.991500000000000000e+05
1.991940000000000000e+05
1.992060000000000000e+05
1.995580000000000000e+05
2.004540000000000000e+05
2.012860000000000000e+05
2.016020000000000000e+05
2.018100000000000000e+05
2.020140000000000000e+05
2.049180000000000000e+05
2.058020000000000000e+05
2.060580000000000000e+05
2.070060000000000000e+05
2.070300000000000000e+05
2.105780000000000000e+05
2.107540000000000000e+05
2.112980000000000000e+05
2.117060000000000000e+05
2.140220000000000000e+05
2.144740000000000000e+05
2.149820000000000000e+05
2.149860000000000000e+05
2.155420000000000000e+05
2.178260000000000000e+05
2.181620000000000000e+05
2.203420000000000000e+05
2.217820000000000000e+05
2.218420000000000000e+05
2.228380000000000000e+05
2.233380000000000000e+05
2.247420000000000000e+05
2.250180000000000000e+05
2.251900000000000000e+05
2.257420000000000000e+05
2.258940000000000000e+05
2.267180000000000000e+05
2.269540000000000000e+05
2.271900000000000000e+05
2.273580000000000000e+05
2.292140000000000000e+05
2.292740000000000000e+05
2.305860000000000000e+05
2.314140000000000000e+05
2.328820000000000000e+05
2.344340000000000000e+05
2.354940000000000000e+05
2.394900000000000000e+05
2.422700000000000000e+05
2.431060000000000000e+05
2.435700000000000000e+05
2.438740000000000000e+05
2.439580000000000000e+05
2.440580000000000000e+05
2.448780000000000000e+05
2.454220000000000000e+05
2.454700000000000000e+05
2.462460000000000000e+05
2.466420000000000000e+05
2.480460000000000000e+05
2.484740000000000000e+05
2.493860000000000000e+05
2.496620000000000000e+05
2.498860000000000000e+05
2.499420000000000000e+05
2.501660000000000000e+05
2.508420000000000000e+05
2.516540000000000000e+05
2.531740000000000000e+05
2.535300000000000000e+05
2.544140000000000000e+05
2.565060000000000000e+05
2.569460000000000000e+05
2.572900000000000000e+05
2.578500000000000000e+05
2.585660000000000000e+05
2.591060000000000000e+05
2.591540000000000000e+05
2.594100000000000000e+05
2.597020000000000000e+05
2.601140000000000000e+05
2.605860000000000000e+05
2.617540000000000000e+05
2.621860000000000000e+05
2.628300000000000000e+05
2.630180000000000000e+05
2.630620000000000000e+05
2.639180000000000000e+05
2.640700000000000000e+05
2.642980000000000000e+05
2.644380000000000000e+05
2.649540000000000000e+05
2.651620000000000000e+05
2.656140000000000000e+05
2.658940000000000000e+05
2.695380000000000000e+05
2.699100000000000000e+05
2.970403000000000000e+06
2.972239000000000000e+06
2.972263000000000000e+06
2.973039000000000000e+06
2.973695000000000000e+06
2.973971000000000000e+06
2.974455000000000000e+06
2.975247000000000000e+06
2.975467000000000000e+06
2.975855000000000000e+06
2.977559000000000000e+06
2.978299000000000000e+06
2.979331000000000000e+06
2.979347000000000000e+06
2.979415000000000000e+06
2.980311000000000000e+06
2.980599000000000000e+06
2.981067000000000000e+06
2.981975000000000000e+06
2.983019000000000000e+06
2.983155000000000000e+06
2.983223000000000000e+06
2.983271000000000000e+06
2.983463000000000000e+06
2.984947000000000000e+06
2.985107000000000000e+06
2.985179000000000000e+06
2.985275000000000000e+06
2.985471000000000000e+06
2.985807000000000000e+06
2.986735000000000000e+06
2.987407000000000000e+06
2.988347000000000000e+06
2.989335000000000000e+06
2.990467000000000000e+06
2.990579000000000000e+06
2.991087000000000000e+06
2.991267000000000000e+06
2.992239000000000000e+06
2.992335000000000000e+06
2.993723000000000000e+06
2.993895000000000000e+06
2.994275000000000000e+06
2.994539000000000000e+06
2.994563000000000000e+06
2.994615000000000000e+06
2.998459000000000000e+06
2.999499000000000000e+06
2.999723000000000000e+06
7.070000000000000000e+02
1.343000000000000000e+03
1.803000000000000000e+03
1.851000000000000000e+03
3.339000000000000000e+03
4.131000000000000000e+03
4.519000000000000000e+03
4.635000000000000000e+03
4.767000000000000000e+03
5.155000000000000000e+03
6.183000000000000000e+03
7.519000000000000000e+03
9.647000000000000000e+03
9.951000000000000000e+03
1.051900000000000000e+04
1.128700000000000000e+04
1.174300000000000000e+04
1.269100000000000000e+04
1.289900000000000000e+04
1.668700000000000000e+04
1.669500000000000000e+04
1.713500000000000000e+04
1.745100000000000000e+04
1.780700000000000000e+04
1.848700000000000000e+04
1.875900000000000000e+04
1.923100000000000000e+04
2.060700000000000000e+04
2.126300000000000000e+04
2.205900000000000000e+04
2.223900000000000000e+04
2.283500000000000000e+04
2.312300000000000000e+04
2.383500000000000000e+04
2.431500000000000000e+04
2.444700000000000000e+04
2.637500000000000000e+04
2.755500000000000000e+04
3.015900000000000000e+04
3.219900000000000000e+04
3.263100000000000000e+04
3.270300000000000000e+04
3.315100000000000000e+04
3.408700000000000000e+04
3.418700000000000000e+04
3.442700000000000000e+04
3.455500000000000000e+04
3.528700000000000000e+04
3.605100000000000000e+04
3.647100000000000000e+04
3.710300000000000000e+04
3.720700000000000000e+04
3.723500000000000000e+04
3.724700000000000000e+04
3.772700000000000000e+04
3.780300000000000000e+04
3.844300000000000000e+04
3.896300000000000000e+04
3.933100000000000000e+04
3.951500000000000000e+04
4.050300000000000000e+04
4.232700000000000000e+04
4.238700000000000000e+04
4.280700000000000000e+04
4.399100000000000000e+04
4.681500000000000000e+04
4.732700000000000000e+04
4.751100000000000000e+04
5.186700000000000000e+04
5.202700000000000000e+04
5.213500000000000000e+04
5.455500000000000000e+04
5.645500000000000000e+04
5.769100000000000000e+04
5.844700000000000000e+04
5.871500000000000000e+04
5.931100000000000000e+04
5.995100000000000000e+04
6.179900000000000000e+04
6.192300000000000000e+04
6.273900000000000000e+04
6.285100000000000000e+04
6.431500000000000000e+04
6.445900000000000000e+04
6.467100000000000000e+04
6.572700000000000000e+04
6.585900000000000000e+04
6.885900000000000000e+04
7.178300000000000000e+04
7.186300000000000000e+04
7.257900000000000000e+04
7.355500000000000000e+04
7.459900000000000000e+04
7.465100000000000000e+04
7.567900000000000000e+04
7.570300000000000000e+04
7.643100000000000000e+04
7.676300000000000000e+04
7.737500000000000000e+04
7.795500000000000000e+04
7.888300000000000000e+04
7.929500000000000000e+04
8.041500000000000000e+04
8.079100000000000000e+04
8.189100000000000000e+04
8.254700000000000000e+04
8.428300000000000000e+04
8.435900000000000000e+04
8.573500000000000000e+04
8.592300000000000000e+04
8.613900000000000000e+04
8.679100000000000000e+04
8.691100000000000000e+04
8.799500000000000000e+04
8.863500000000000000e+04
8.866700000000000000e+04
8.891500000000000000e+04
8.939500000000000000e+04
8.991100000000000000e+04
9.028300000000000000e+04
9.035900000000000000e+04
9.054300000000000000e+04
9.122700000000000000e+04
9.165100000000000000e+04
9.297500000000000000e+04
9.434700000000000000e+04
9.484700000000000000e+04
9.554700000000000000e+04
9.662700000000000000e+04
9.849500000000000000e+04
9.862300000000000000e+04
9.903100000000000000e+04
9.957100000000000000e+04
1.000670000000000000e+05
1.009310000000000000e+05
1.017190000000000000e+05
1.028950000000000000e+05
1.037910000000000000e+05
1.040150000000000000e+05
1.044190000000000000e+05
1.044830000000000000e+05
1.044990000000000000e+05
1.047270000000000000e+05
1.054950000000000000e+05
1.065990000000000000e+05
1.066830000000000000e+05
1.086910000000000000e+05
1.088310000000000000e+05
1.091390000000000000e+05
1.092310000000000000e+05
1.095630000000000000e+05
1.098790000000000000e+05
1.100390000000000000e+05
1.111390000000000000e+05
1.114310000000000000e+05
1.124830000000000000e+05
1.135030000000000000e+05
1.150070000000000000e+05
1.150350000000000000e+05
1.151710000000000000e+05
1.155110000000000000e+05
1.159230000000000000e+05
1.164990000000000000e+05
1.177550000000000000e+05
1.191310000000000000e+05
1.196070000000000000e+05
1.196310000000000000e+05
1.197470000000000000e+05
1.201230000000000000e+05
1.201750000000000000e+05
1.209230000000000000e+05
1.213510000000000000e+05
1.215630000000000000e+05
1.227390000000000000e+05
1.230710000000000000e+05
1.265870000000000000e+05
1.267550000000000000e+05
1.271390000000000000e+05
1.275390000000000000e+05
1.276990000000000000e+05
1.277990000000000000e+05
1.282750000000000000e+05
1.294910000000000000e+05
1.300230000000000000e+05
1.302470000000000000e+05
1.304550000000000000e+05
1.314190000000000000e+05
1.314390000000000000e+05
1.318550000000000000e+05
1.324670000000000000e+05
1.327030000000000000e+05
1.329190000000000000e+05
1.331310000000000000e+05
1.338590000000000000e+05
1.349830000000000000e+05
1.353430000000000000e+05
1.354510000000000000e+05
1.360190000000000000e+05
1.387150000000000000e+05
1.407430000000000000e+05
1.408550000000000000e+05
1.420470000000000000e+05
1.431950000000000000e+05
1.438470000000000000e+05
1.438870000000000000e+05
1.439470000000000000e+05
1.441470000000000000e+05
1.454110000000000000e+05
1.454630000000000000e+05
1.464950000000000000e+05
1.478590000000000000e+05
1.480230000000000000e+05
1.481870000000000000e+05
1.486230000000000000e+05
1.490150000000000000e+05
1.501750000000000000e+05
1.503230000000000000e+05
1.509950000000000000e+05
1.511590000000000000e+05
1.512910000000000000e+05
1.513790000000000000e+05
1.521710000000000000e+05
1.525670000000000000e+05
1.535350000000000000e+05
1.555390000000000000e+05
1.560870000000000000e+05
1.561270000000000000e+05
1.590350000000000000e+05
1.595310000000000000e+05
1.605390000000000000e+05
1.617990000000000000e+05
1.618950000000000000e+05
1.640590000000000000e+05
1.641030000000000000e+05
1.649030000000000000e+05
1.664190000000000000e+05
1.668270000000000000e+05
1.686350000000000000e+05
1.687790000000000000e+05
1.690070000000000000e+05
1.692070000000000000e+05
1.698430000000000000e+05
1.698870000000000000e+05
1.700910000000000000e+05
1.717390000000000000e+05
1.721590000000000000e+05
1.738110000000000000e+05
1.740270000000000000e+05
1.745910000000000000e+05
1.757230000000000000e+05
1.762390000000000000e+05
1.771630000000000000e+05
1.784190000000000000e+05
1.784230000000000000e+05
1.785550000000000000e+05
1.785590000000000000e+05
1.800510000000000000e+05
1.807350000000000000e+05
1.818350000000000000e+05
1.822350000000000000e+05
1.830390000000000000e+05
1.842510000000000000e+05
1.852030000000000000e+05
1.858390000000000000e+05
1.859150000000000000e+05
1.860590000000000000e+05
1.864630000000000000e+05
1.868510000000000000e+05
1.874230000000000000e+05
1.883830000000000000e+05
1.888910000000000000e+05
1.901350000000000000e+05
1.903390000000000000e+05
1.905470000000000000e+05
1.921950000000000000e+05
1.936110000000000000e+05
1.939670000000000000e+05
1.953350000000000000e+05
1.960710000000000000e+05
1.964430000000000000e+05
1.979630000000000000e+05
1.993950000000000000e+05
2.005990000000000000e+05
2.007270000000000000e+05
2.011430000000000000e+05
2.033150000000000000e+05
2.039670000000000000e+05
2.046310000000000000e+05
2.050110000000000000e+05
2.067390000000000000e+05
2.067710000000000000e+05
2.074150000000000000e+05
2.081750000000000000e+05
2.101710000000000000e+05
2.103790000000000000e+05
2.114910000000000000e+05
2.115990000000000000e+05
2.133670000000000000e+05
2.134350000000000000e+05
2.137230000000000000e+05
2.137510000000000000e+05
2.149750000000000000e+05
2.151190000000000000e+05
2.152470000000000000e+05
2.183990000000000000e+05
2.194230000000000000e+05
2.197510000000000000e+05
2.211510000000000000e+05
2.219070000000000000e+05
2.226390000000000000e+05
2.226990000000000000e+05
2.231990000000000000e+05
2.233070000000000000e+05
2.235070000000000000e+05
2.238510000000000000e+05
2.251550000000000000e+05
2.252470000000000000e+05
2.254630000000000000e+05
2.259990000000000000e+05
2.263430000000000000e+05
2.264230000000000000e+05
2.270830000000000000e+05
2.277550000000000000e+05
2.283430000000000000e+05
2.286310000000000000e+05
2.300910000000000000e+05
2.301070000000000000e+05
2.321710000000000000e+05
2.323390000000000000e+05
2.329710000000000000e+05
2.347070000000000000e+05
2.347510000000000000e+05
2.350710000000000000e+05
2.369230000000000000e+05
2.370590000000000000e+05
2.392950000000000000e+05
2.410590000000000000e+05
2.418070000000000000e+05
2.422510000000000000e+05
2.429230000000000000e+05
2.440870000000000000e+05
2.453750000000000000e+05
2.454990000000000000e+05
2.459230000000000000e+05
2.462790000000000000e+05
2.465830000000000000e+05
2.466590000000000000e+05
2.468070000000000000e+05
2.479990000000000000e+05
2.482470000000000000e+05
2.487230000000000000e+05
2.509070000000000000e+05
2.515990000000000000e+05
2.546910000000000000e+05
2.548990000000000000e+05
2.560270000000000000e+05
2.564070000000000000e+05
2.569150000000000000e+05
2.571950000000000000e+05
2.577030000000000000e+05
2.578430000000000000e+05
2.593710000000000000e+05
2.600510000000000000e+05
2.619710000000000000e+05
2.623030000000000000e+05
2.627550000000000000e+05
2.641550000000000000e+05
2.643790000000000000e+05
2.659790000000000000e+05
2.662950000000000000e+05
2.672470000000000000e+05
2.699390000000000000e+05
